3.5899113e-05
3.6895315e-05
3.791839e-05
3.896904e-05
4.0047986e-05
4.1155967e-05
4.2293741e-05
4.3462083e-05
4.4661791e-05
4.589368e-05
4.7158588e-05
4.8457372e-05
4.9790911e-05
5.1160108e-05
5.2565885e-05
5.400919e-05
5.5490994e-05
5.7012292e-05
5.8574103e-05
6.0177474e-05
6.1823476e-05
6.3513206e-05
6.524779e-05
6.7028382e-05
6.8856163e-05
7.0732345e-05
7.265817e-05
7.4634908e-05
7.6663865e-05
7.8746375e-05
8.0883807e-05
8.3077564e-05
8.5329084e-05
8.7639838e-05
9.0011335e-05
9.2445121e-05
9.4942781e-05
9.7505935e-05
0.00010013625
0.00010283542
0.0001056052
0.00010844737
0.00011136376
0.00011435626
0.00011742678
0.00012057728
0.00012380979
0.00012712637
0.00013052913
0.00013402025
0.00013760194
0.00014127647
0.00014504617
0.00014891343
0.00015288068
0.00015695043
0.00016112524
0.00016540772
0.00016980057
0.00017430654
0.00017892843
0.00018366914
0.00018853162
0.00019351888
0.00019863402
0.00020388022
0.00020926072
0.00021477883
0.00022043797
0.00022624161
0.00023219332
0.00023829674
0.00024455562
0.00025097378
0.00025755513
0.00026430369
0.00027122355
0.00027831891
0.00028559408
0.00029305344
0.00030070152
0.00030854291
0.00031658233
0.00032482461
0.00033327469
0.00034193763
0.00035081861
0.00035992292
0.00036925598
0.00037882334
0.00038863067
0.00039868379
0.00040898863
0.00041955127
0.00043037795
0.00044147502
0.000452849
0.00046450655
0.0004764545
0.00048869982
0.00050124965
0.00051411128
0.0005272922
0.00054080004
0.00055464262
0.00056882793
0.00058336417
0.00059825969
0.00061352305
0.00062916301
0.00064518853
0.00066160877
0.00067843312
0.00069567114
0.00071333263
0.0007314276
0.00074996632
0.00076895925
0.00078841713
0.00080835091
0.0008287718
0.00084969127
0.00087112103
0.00089307308
0.00091555968
0.00093859334
0.00096218689
0.00098635343
0.0010111063
0.0010364593
0.0010624264
0.0010890219
0.0011162604
0.0011441568
0.0011727266
0.0012019852
0.0012319488
0.0012626336
0.0012940563
0.001326234
0.0013591841
0.0013929246
0.0014274735
0.0014628495
0.0014990718
0.0015361596
0.001574133
0.0016130122
0.001652818
0.0016935717
0.0017352949
0.0017780097
0.0018217389
0.0018665056
0.0019123335
0.0019592466
0.0020072697
0.002056428
0.0021067473
0.002158254
0.0022109748
0.0022649374
0.0023201698
0.0023767007
0.0024345593
0.0024937757
0.0025543804
0.0026164046
0.0026798803
0.0027448401
0.0028113172
0.0028793456
0.0029489602
0.0030201964
0.0030930903
0.0031676791
0.0032440005
0.0033220931
0.0034019963
0.0034837504
0.0035673965
0.0036529765
0.0037405334
0.0038301109
0.0039217537
0.0040155075
0.0041114188
0.0042095351
0.0043099052
0.0044125786
0.0045176059
0.0046250388
0.0047349301
0.0048473338
0.0049623046
0.0050798989
0.005200174
0.0053231883
0.0054490016
0.0055776749
0.0057092703
0.0058438514
0.005981483
0.0061222313
0.0062661638
0.0064133494
0.0065638585
0.0067177628
0.0068751356
0.0070360517
0.0072005873
0.0073688203
0.0075408301
0.0077166977
0.0078965059
0.0080803391
0.0082682834
0.0084604266
0.0086568583
0.00885767
0.0090629549
0.0092728084
0.0094873273
0.0097066113
0.009930761
0.010159879
0.010394072
0.010633445
0.010878109
0.011128175
0.011383757
0.011644971
0.011911935
0.01218477
0.012463599
0.012748548
0.013039745
0.01333732
0.013641407
0.013952141
0.01426966
0.014594107
0.014925624
0.015264359
0.01561046
0.015964082
0.016325379
0.016694509
0.017071635
0.01745692
0.017850534
0.018252646
0.018663432
0.019083069
0.019511739
0.019949626
0.020396919
0.020853809
0.021320491
0.021797166
0.022284035
0.022781307
0.023289191
0.023807901
0.024337658
0.024878684
0.025431206
0.025995454
0.026571665
0.027160079
0.02776094
0.028374497
0.029001003
0.029640717
0.030293901
0.030960823
0.031641757
0.032336978
0.033046771
0.033771422
0.034511225
0.035266477
0.036037483
0.03682455
0.037627994
0.038448134
0.039285295
0.04013981
0.041012014
0.041902252
0.042810871
0.043738226
0.04468468
0.045650598
0.046636354
0.047642327
0.048668905
0.049716478
0.050785447
0.051876217
0.052989201
0.054124817
0.055283491
0.056465656
0.057671752
0.058902225
0.06015753
0.061438126
0.062744483
0.064077075
0.065436385
0.066822903
0.068237127
0.06967956
0.071150714
0.072651111
0.074181276
0.075741744
0.077333058
0.078955767
0.08061043
0.08229761
0.08401788
0.085771822
0.087560022
0.089383077
0.091241589
0.093136169
0.095067436
0.097036014
0.099042536
0.10108764
0.10317199
0.10529621
0.107461
0.109667
0.1119149
0.11420538
0.11653912
0.11891683
0.12133921
0.12380697
0.12632081
0.12888148
0.13148968
0.13414616
0.13685164
0.13960689
0.14241263
0.14526964
0.14817865
0.15114044
0.15415577
0.15722541
0.16035013
0.1635307
0.1667679
0.17006252
0.17341532
0.17682709
0.18029862
0.18383069
0.18742407
0.19107956
0.19479792
0.19857995
0.20242642
0.20633809
0.21031575
0.21436015
0.21847206
0.22265223
0.22690141
0.23122035
0.23560978
0.24007043
0.24460301
0.24920824
0.2538868
0.25863939
0.26346667
0.26836931
0.27334796
0.27840323
0.28353575
0.28874611
0.2940349
0.29940266
0.30484994
0.31037726
0.31598511
0.32167397
0.32744428
0.33329645
0.3392309
0.34524799
0.35134804
0.35753137
0.36379826
0.37014895
0.37658364
0.38310251
0.3897057
0.3963933
0.40316537
0.41002194
0.41696297
0.42398841
0.43109814
0.43829201
0.44556981
0.4529313
0.46037617
0.46790407
0.4755146
0.48320731
0.49098167
0.49883712
0.50677305
0.51478876
0.52288352
0.53105652
0.5393069
0.54763373
0.55603602
0.56451272
0.5730627
0.58168477
0.59037768
0.5991401
0.60797064
0.61686782
0.62583012
0.63485592
0.64394354
0.65309123
0.66229715
0.6715594
0.680876
0.6902449
0.69966396
0.70913099
0.7186437
0.72819973
0.73779665
0.74743195
0.75710304
0.76680726
0.77654188
0.78630407
0.79609096
0.80589957
0.81572689
0.82556979
0.8354251
0.84528957
0.85515987
0.86503263
0.87490437
0.88477158
0.89463067
0.90447799
0.91430982
0.92412238
0.93391185
0.94367433
0.95340587
0.9631025
0.97276014
0.98237472
0.99194208
1.0014581
1.0109184
1.0203189
1.0296552
1.0389229
1.0481178
1.0572355
1.0662715
1.0752213
1.0840807
1.092845
1.1015098
1.1100707
1.1185232
1.1268628
1.1350849
1.1431853
1.1511593
1.1590025
1.1667106
1.1742791
1.1817036
1.1889799
1.1961036
1.2030704
1.2098762
1.2165167
1.2229878
1.2292855
1.2354057
1.2413445
1.2470981
1.2526625
1.2580342
1.2632094
1.2681845
1.2729562
1.2775209
1.2818754
1.2860165
1.2899411
1.2936463
1.297129
1.3003866
1.3034165
1.306216
1.3087827
1.3111145
1.3132091
1.3150644
1.3166787
1.3180501
1.319177
1.3200579
1.3206915
1.3210767
1.3212123
1.3210975
1.3207315
1.3201138
1.3192438
1.3181214
1.3167463
1.3151186
1.3132384
1.3111062
1.3087224
1.3060876
1.3032027
1.3000686
1.2966865
1.2930576
1.2891833
1.2850653
1.2807053
1.2761051
1.2712669
1.2661928
1.2608851
1.2553464
1.2495792
1.2435863
1.2373707
1.2309354
1.2242835
1.2174184
1.2103435
1.2030623
1.1955786
1.1878961
1.1800188
1.1719506
1.1636958
1.1552585
1.1466431
1.137854
1.1288957
1.1197729
1.1104902
1.1010524
1.0914642
1.0817308
1.0718569
1.0618477
1.0517082
1.0414436
1.0310591
1.0205598
1.0099511
0.99923824
0.98842653
0.97752131
0.96652796
0.95545183
0.94429831
0.93307278
0.92178061
0.91042719
0.89901786
0.88755797
0.87605285
0.8645078
0.85292808
0.84131893
0.82968555
0.8180331
0.80636668
0.79469136
0.78301214
0.77133397
0.75966173
0.74800026
0.73635431
0.72472855
0.71312759
0.70155597
0.69001814
0.67851845
0.6670612
0.65565056
0.64429064
0.63298544
0.62173887
0.61055474
0.59943677
0.58838855
0.57741361
0.56651535
0.55569705
0.5449619
0.534313
0.52375331
0.51328569
0.50291289
0.49263756
0.48246222
0.47238929
0.46242108
0.45255978
0.44280747
0.43316613
0.42363761
0.41422367
0.40492594
0.39574595
0.38668514
0.3777448
0.36892616
0.36023031
0.35165825
0.34321088
0.334889
0.32669331
0.31862439
0.31068275
0.3028688
0.29518285
0.28762513
0.28019575
0.27289478
0.26572217
0.2586778
0.25176146
0.24497288
0.23831168
0.23177744
0.22536965
0.21908774
0.21293105
0.20689889
0.20099047
0.19520496
0.18954148
0.18399907
0.17857674
0.17327342
0.16808803
0.16301941
0.15806637
0.15322768
0.14850205
0.14388817
0.13938471
0.13499027
0.13070346
0.12652282
0.1224469
0.11847421
0.11460322
0.11083242
0.10716025
0.10358513
0.1001055
0.096719761
0.0934263
0.090223509
0.087109766
0.084083445
0.081142916
0.078286547
0.075512705
0.072819757
0.070206073
0.067670026
0.065209994
0.062824362
0.060511522
0.058269873
0.056097825
0.0539938
0.05195623
0.04998356
0.04807425
0.046226772
0.044439616
0.042711288
0.04104031
0.039425221
0.037864581
0.036356965
0.03490097
0.033495214
0.032138332
0.030828984
0.029565847
0.028347623
0.027173034
0.026040825
0.024949763
0.023898639
0.022886264
0.021911474
0.020973129
0.020070109
0.01920132
0.01836569
0.017562171
0.016789736
0.016047384
0.015334135
0.014649032
0.013991142
0.013359555
0.01275338
0.012171752
0.011613827
0.011078782
0.010565816
0.010074151
0.009603027
0.0091517075
0.0087194755
0.0083056342
0.0079095071
0.0075304371
0.0071677867
0.0068209371
0.0064892883
0.0061722586
0.0058692843
0.0055798194
0.0053033351
0.0050393196
0.0047872775
0.0045467297
0.0043172131
0.0040982799
0.0038894976
0.0036904482
0.0035007284
0.0033199489
0.0031477339
0.0029837212
0.0028275614
0.002678918
0.0025374665
0.0024028946
0.0022749015
0.0021531978
0.0020375049
0.0019275552
0.001823091
0.0017238649
0.001629639
0.001540185
0.0014552837
0.0013747244
0.0012983058
0.0012258337
0.0011571223
0.0010919937
0.0010302773
0.00097180971
0.00091643446
0.00086400181
0.00081436842
0.0007673972
0.00072295702
0.00068092255
0.00064117399
0.0006035969
0.00056808196
0.00053452482
0.00050282586
0.00047289005
0.00044462671
0.00041794942
0.00039277575
0.00036902718
0.0003466289
0.00032550967
0.00030560166
0.00028684031
0.00026916421
0.00025251494
0.00023683694
0.00022207741
0.00020818618
0.00019511559
0.00018282036
0.00017125753
0.0001603863
0.00015016798
0.00014056586
0.00013154514
0.00012307283
0.00011511766
0.00010765002
0.00010064185
9.406661e-05
8.7899151e-05
8.2115695e-05
7.6693748e-05
7.1612037e-05
6.6850451e-05
6.2389988e-05
5.8212692e-05
5.4301606e-05
5.0640717e-05
4.7214913e-05
4.4009933e-05
4.1012321e-05
3.8209391e-05
3.5589181e-05
3.3140416e-05
3.0852474e-05
2.8715349e-05
2.6719618e-05
2.4856411e-05
2.3117379e-05
2.149467e-05
1.9980895e-05
1.8569109e-05
1.7252783e-05
1.602578e-05
1.4882336e-05
1.3817038e-05
1.2824803e-05
1.1900859e-05
1.104073e-05
1.0240216e-05
9.4953786e-06
8.802525e-06
8.1581946e-06
7.5591444e-06
7.0023369e-06
6.4849275e-06
6.0042532e-06
5.5578217e-06
5.1433011e-06
4.7585101e-06
4.4014091e-06
4.0700915e-06
3.7627751e-06
3.4777953e-06
3.2135971e-06
2.9687283e-06
2.7418337e-06
2.5316482e-06
2.3369919e-06
2.1567641e-06
1.9899384e-06
1.8355584e-06
1.6927324e-06
1.5606299e-06
1.4384775e-06
1.3255549e-06
1.2211918e-06
1.1247643e-06
1.035692e-06
9.5343524e-07
8.774921e-07
8.0739613e-07
7.4271388e-07
6.8304266e-07
6.280085e-07
5.7726417e-07
5.3048739e-07
4.873794e-07
4.4766241e-07
4.1107914e-07
3.7739105e-07
3.4637702e-07
3.1783218e-07
2.9156673e-07
2.674049e-07
2.4518395e-07
2.2475326e-07
2.0597344e-07
1.8871555e-07
1.7286036e-07
1.5829761e-07
1.4492541e-07
1.3264959e-07
1.2138318e-07
1.1104583e-07
1.015634e-07
9.2867417e-08
8.4894716e-08
7.7587026e-08
7.0890608e-08
6.4755912e-08
5.913727e-08
5.3992599e-08
4.9283132e-08
4.4973166e-08
4.1029829e-08
3.7422865e-08
3.4124432e-08
3.1108916e-08
2.8352762e-08
2.5834313e-08
2.353366e-08
2.1432512e-08
1.9514062e-08
1.7762876e-08
1.6164783e-08
1.4706776e-08
1.3376918e-08
1.2164257e-08
1.1058751e-08
1.0051191e-08
9.133136e-09
8.2968502e-09
7.5352472e-09
6.8418362e-09
6.2106743e-09
5.6363213e-09
5.1137985e-09
4.6385514e-09
4.206414e-09
3.813577e-09
3.4565583e-09
3.1321756e-09
2.8375216e-09
2.5699405e-09
2.3270076e-09
2.1065092e-09
1.906425e-09
1.7249118e-09
1.5602883e-09
1.4110215e-09
1.2757135e-09
1.1530907e-09
1.0419924e-09
9.4136146e-10
8.5023507e-10
7.677368e-10
6.9306895e-10
6.2550568e-10
5.6438673e-10
5.0911166e-10
4.5913459e-10
4.1395933e-10
3.7313504e-10
3.3625216e-10
3.0293874e-10
2.7285707e-10
2.4570064e-10
2.2119129e-10
1.9907668e-10
1.7912798e-10
1.6113768e-10
1.4491769e-10
1.3029757e-10
1.1712292e-10
1.0525386e-10
9.4563777e-11
8.4938028e-11
7.6272878e-11
6.8474471e-11
6.1457913e-11
5.5146444e-11
4.9470669e-11
4.4367873e-11
3.9781394e-11
3.5660048e-11
3.1957618e-11
2.8632377e-11
2.5646668e-11
2.296651e-11
2.0561254e-11
1.8403257e-11
1.6467599e-11
1.4731819e-11
1.3175678e-11
1.1780943e-11
1.0531194e-11
9.4116472e-12
