0.03709247
0.036356278
0.038551651
0.038842607
0.037989893
0.039460425
0.040412749
0.039842652
0.042251146
0.040312675
0.042790202
0.047176315
0.049489136
0.050527172
0.0481386
0.050300847
0.053731393
0.057207111
0.058836325
0.062647939
0.066256394
0.071938141
0.073328057
0.078836528
0.084742979
0.087202436
0.09553985
0.096379591
0.10361202
0.1053617
0.11255544
0.11666172
0.12017357
0.12106845
0.12838149
0.13108048
0.13176293
0.13820218
0.14086317
0.14158987
0.14182106
0.15091667
0.14766983
0.15745044
0.15389526
0.15842593
0.15973175
0.16715599
0.17008432
0.17401708
0.18010098
0.17915491
0.18308838
0.18279696
0.18354195
0.18616774
0.18530344
0.17621014
0.18085501
0.17236679
0.16681292
0.1598865
0.15239832
0.14818108
0.14400647
0.13896362
0.1334438
0.13403289
0.1300575
0.12353532
0.11989142
0.12206293
0.12261589
0.12326753
0.11788762
0.11930395
0.12064591
0.12142728
0.12168047
0.12353022
0.12829763
0.12498315
0.13076427
0.13567045
0.13327168
0.13884919
0.14281809
0.14647635
0.15372106
0.15795868
0.15976627
0.16754054
0.17064399
0.1720536
0.17652936
0.18406132
0.18504908
0.18561895
0.19425937
0.19097638
0.19638154
0.19938515
0.19333044
0.18967866
0.19688144
0.19695302
0.19401127
0.19530667
0.19065091
0.19508521
0.19157752
0.19203921
0.19584874
0.19300914
0.1902249
0.19146355
0.19149644
0.19022722
0.19059369
0.19423481
0.19010444
0.19626455
0.19532566
0.19899435
0.19368765
0.19514173
0.18915814
0.18558513
0.17670819
0.16765683
0.15851789
0.14830873
0.13451635
0.12038438
0.11022895
0.097180183
0.08663257
0.077879802
0.066302029
0.059152067
0.051466755
0.04589597
0.042596308
0.036271493
0.03407195
0.030079415
0.027861108
0.026151974
0.026872646
0.025003672
0.023349903
0.023139492
0.023113385
0.023393222
0.022383262
0.021631201
0.022437747
0.020536874
0.021663285
0.020863365
0.019815623
0.021663586
0.020760349
0.020124439
0.019639706
0.020080842
0.02103861
0.021231716
0.01981143
0.019311037
0.019523601
0.017950378
0.015960435
0.016224913
0.014053909
0.012868125
0.01039968
0.010119264
0.0073543263
0.0065557034
0.0051743117
0.0044676318
0.002814025
0.0017828274
0.0019862185
0.0008773848
0.0011325248
0.0010675069
0.00096972854
0.00076575829
0.00093665548
0.00085203736
0.0009565892
0.00064101328
0.00049007067
0.00081480844
0.00077886289
0.0004791992
0.00061174859
0.00075446754
