-8.98
-8.93
-8.88
-8.83
-8.78
-8.73
-8.68
-8.63
-8.58
-8.53
-8.48
-8.43
-8.38
-8.33
-8.28
-8.23
-8.18
-8.13
-8.08
-8.03
-7.98
-7.93
-7.88
-7.83
-7.78
-7.73
-7.68
-7.63
-7.58
-7.53
-7.48
-7.43
-7.38
-7.33
-7.28
-7.23
-7.18
-7.13
-7.08
-7.03
-6.98
-6.93
-6.88
-6.83
-6.78
-6.73
-6.68
-6.63
-6.58
-6.53
-6.48
-6.43
-6.38
-6.33
-6.28
-6.23
-6.18
-6.13
-6.08
-6.03
-5.98
-5.93
-5.88
-5.83
-5.78
-5.73
-5.68
-5.63
-5.58
-5.53
-5.48
-5.43
-5.38
-5.33
-5.28
-5.23
-5.18
-5.13
-5.08
-5.03
-4.98
-4.93
-4.88
-4.83
-4.78
-4.73
-4.68
-4.63
-4.58
-4.53
-4.48
-4.43
-4.38
-4.33
-4.28
-4.23
-4.18
-4.13
-4.08
-4.03
-3.98
-3.93
-3.88
-3.83
-3.78
-3.73
-3.68
-3.63
-3.58
-3.53
-3.48
-3.43
-3.38
-3.33
-3.28
-3.23
-3.18
-3.13
-3.08
-3.03
-2.98
-2.93
-2.88
-2.83
-2.78
-2.73
-2.68
-2.63
-2.58
-2.53
-2.48
-2.43
-2.38
-2.33
-2.28
-2.23
-2.18
-2.13
-2.08
-2.03
-1.98
-1.93
-1.88
-1.83
-1.78
-1.73
-1.68
-1.63
-1.58
-1.53
-1.48
-1.43
-1.38
-1.33
-1.28
-1.23
-1.18
-1.13
-1.08
-1.03
-0.98
-0.93
-0.88
-0.83
-0.78
-0.73
-0.68
-0.63
-0.58
-0.53
-0.48
-0.43
-0.38
-0.33
-0.28
-0.23
-0.18
-0.13
-0.08
-0.03
0.02
0.07
0.12
0.17
0.22
0.27
0.32
0.37
0.42
0.47
0.52
0.57
0.62
0.67
0.72
0.77
0.82
0.87
0.92
0.97
