0.4105676
0.37719696
0.34577687
0.31600013
0.28812648
0.26161482
0.23736565
0.21444477
0.19290343
0.17303586
0.15486605
0.13784578
0.12222527
0.10794982
0.094896099
0.083134576
0.072564079
0.063019595
0.054686637
0.047377323
0.041141324
0.035767507
0.031495906
0.028183376
0.025864929
0.024643302
0.024583048
0.025931675
0.029205487
0.035189535
0.044486273
0.05600962
0.068434252
0.081646194
0.095536137
0.11001501
0.12499409
0.14062372
0.15673159
0.1732254
0.19024241
0.20772276
0.22548382
0.24376665
0.26217225
0.28116643
0.300779
0.32029842
0.340249
0.3606883
0.38149175
0.40230563
0.42383193
0.44536069
0.46767784
0.48955958
0.51213682
0.53500881
0.55834204
0.58174751
